2 1049 74 C
2 1072 145 C
3 1009 1 XY
3 1087 3 RT
2 1012 104 B
1 1057 
2 1033 100 A
3 1035 2 EU
2 1010 34 B
2 1079 22 B
3 1093 1 RR
3 1091 1 DN
3 1008 2 OQ
1 1096 
1 1003 
2 1066 150 C
3 1053 1 CS
2 1098 182 B
2 1065 15 C
1 1025 
3 1015 2 DZ
3 1095 1 UD
1 1088 
3 1005 2 QA
2 1037 39 A
1 1097 
3 1028 3 EF
1 1094 
1 1031 
3 1075 1 UK
2 1068 13 A
2 1013 131 B
1 1042 
2 1082 53 B
1 1071 
3 1090 1 GB
2 1040 80 C
2 1019 55 C
2 1060 106 A
1 1006 
3 1070 1 YS
3 1034 3 CJ
1 1044 
2 1050 160 B
1 1085 
2 1039 48 A
2 1023 21 C
3 1011 1 OE
2 1018 197 A
1 1069 
2 1047 26 C
3 1077 2 DF
3 1076 1 XW
1 1056 
2 1084 156 A
2 1080 56 A
1 1063 
2 1038 9 C
1 1014 
3 1029 2 WA
1 1045 
1 1000 
3 1064 1 IW
3 1054 1 QZ
2 1078 100 A
2 1083 48 A
3 1022 1 WN
2 1030 167 A
1 1016 
3 1055 1 JY
3 1020 2 TP
1 1089 
1 1004 
1 1046 
2 1026 36 A
3 1002 2 PF
1 1073 
1 1048 
2 1058 60 A
3 1024 1 HT
1 1032 
2 1099 31 B
3 1051 3 RP
1 1074 
3 1017 2 EE
1 1052 
3 1041 3 QT
1 1092 
1 1067 
1 1001 
1 1061 
1 1027 
2 1036 82 C
2 1081 121 A
2 1043 139 C
2 1059 188 A
1 1007 
3 1021 2 OS
2 1062 30 A
3 1086 1 QE
